33
94
17
74
96
33
32
21
61
20
24
82
16
50
94
98
79
86
37
30
78
23
95
71
10
80
83
25
70
11
5
71
30
26
04
60
30
57
62
15
12
64
18
61
37
15
09
84
88
61
66
39
24
96
69
89
67
07
27
03
20
17
58
20
69
62
10
544
21
96
25
97
33
82
69
00
99
74
77
24
00
99
22
0
23
18
06
16
58
56
2
38
05
75
66
61
84
66
80
30
95
86
35
73
27
53
68
27
80
65
63
63
68
71
98
12
58
89
21
0
09
21
93
67
73
34
15
66
30
55
28
25
58
27
97
37
9
23
76
14
1
67
22
3
60
11
35
7
82
30
62
22
544
63
95
08
19
79
67
0
86
80
00
1
76
58
92
78
55
20
8
67
39
19
70
78
37
17
29
32
51
8
68
11
86
30
62
17
74
67
51
25
71
3
10
38
20
24
29
98
94
16
66
12
80
60
67
6
11
20
04
05
30
33
21
00
3
95
59
10
85
50
08
61
94
90
2
07
97
64
07
87
18
33
13
28
78
87
9
03
57
27
84
07
50
71
09
74
06
01
62
70
06
15
88
66
93
8
07
35
67
30
07
4
0
93
50
28
95
73
22
84
07
62
66
78
71
23
6
19
544
54
04
14
86
75
34
64
93
84
62
01
65
1
31
01
14
36
26
18

