99
50
73
30
52
99
98
87
27
86
80
48
72
16
50
54
35
42
93
96
34
89
51
37
76
46
49
81
36
77
1
37
96
82
60
26
96
13
28
71
78
20
74
27
93
71
65
40
44
27
22
95
80
52
25
45
23
63
83
69
86
73
14
86
25
28
76
100
87
52
81
53
99
48
25
66
55
30
33
80
66
55
88
6
89
74
62
72
14
12
8
94
61
31
22
27
40
22
46
96
51
42
91
39
83
19
24
83
46
21
29
29
24
37
54
78
14
45
87
6
65
87
59
23
39
90
71
22
96
11
84
81
14
83
53
93
5
89
32
70
7
23
88
9
26
77
91
3
48
96
28
88
100
29
51
64
75
35
23
6
42
46
66
7
32
14
58
34
11
86
4
23
95
75
36
34
93
73
85
98
17
4
24
77
42
96
28
73
30
23
17
81
37
9
76
94
86
80
85
54
50
72
22
78
46
26
23
2
77
86
60
61
96
99
87
66
9
51
15
76
41
16
64
27
50
56
8
63
53
20
63
43
74
99
79
84
34
43
5
69
13
83
40
63
16
37
65
30
62
67
28
36
62
71
44
22
59
4
63
91
23
96
63
0
6
59
16
84
51
39
88
40
63
28
22
34
37
89
2
75
100
10
60
70
42
31
90
20
59
40
28
67
21
7
97
67
70
92
82
74
